4294967278,418
4294967279,486
4294967278,417
4294967279,485
4294967278,416
4294967278,415
4294967278,414
4294967278,413
4294967279,484
4294967279,483
4294967278,412
4294967278,411
4294967279,482
4294967278,410
4294967279,481
4294967278,409
4294967279,480
4294967278,408
4294967279,479
4294967279,478
4294967279,477
4294967279,476
4294967279,475
4294967279,474
4294967278,407
4294967279,473
4294967279,472
4294967279,471
4294967279,470
4294967278,406
4294967278,405
4294967278,404
4294967279,469
4294967278,403
4294967278,402
4294967278,401
4294967278,400
4294967278,399
4294967278,398
13,11
4294967279,468
4294967279,467
4294967279,466
4294967279,465
4294967278,397
4294967279,464
4294967279,463
11,165
11,164
4294967278,396
4294967278,395
4294967279,462
4294967279,461
4294967279,460
4294967278,394
4294967279,459
11,163
11,162
11,161
11,160
11,159
11,158
11,157
11,156
11,155
11,154
11,153
11,152
11,151
11,150
11,149
11,148
11,147
11,146
12,9
12,8
12,7
23,4
23,3
23,2
23,1
4294967294,428
22,8
22,7
22,6
22,5
22,4
22,3
22,2
22,1
21,7
21,6
21,5
21,4
21,3
21,2
21,1
20,7
20,6
20,5
20,4
20,3
20,2
20,1
4294967278,393
4294967279,458
11,145
11,144
11,143
11,142
11,141
11,140
4294967279,457
4294967278,392
13,10
13,9
4294967279,456
4294967278,391
4294967278,390
11,139
11,138
4294967278,389
4294967279,455
4294967278,388
11,137
11,136
11,135
11,134
11,133
11,132
11,131
11,130
11,129
11,128
11,127
11,126
11,125
11,124
11,123
11,122
11,121
11,120
11,119
11,118
11,117
11,116
11,115
11,114
11,113
11,112
11,111
11,110
11,109
11,108
11,107
11,106
11,105
11,104
11,103
11,102
11,101
11,100
4294967294,475
4294967293,131
4294967293,130
4294967293,129
4294967293,128
4294967293,127
4294967293,126
4294967293,125
4294967293,124
4294967293,123
4294967293,122
4294967293,121
4294967293,120
4294967293,119
4294967293,118
4294967293,117
4294967293,116
4294967293,115
4294967293,114
4294967293,113
4294967293,112
4294967293,111
4294967293,110
4294967293,109
4294967293,108
4294967293,107
4294967293,106
4294967293,105
4294967293,104
4294967293,103
4294967293,102
4294967293,101
4294967293,100
4294967293,99
4294967293,98
4294967293,97
4294967293,96
4294967293,95
4294967293,94
4294967293,93
4294967293,92
4294967293,91
4294967293,90
4294967293,89
4294967293,88
4294967293,87
4294967293,86
4294967293,85
4294967293,84
4294967293,83
4294967293,82
4294967293,81
4294967293,80
4294967293,79
4294967293,78
4294967293,77
4294967293,76
4294967293,75
4294967293,74
4294967293,73
4294967293,72
4294967293,71
4294967293,70
4294967293,69
4294967293,68
4294967293,67
4294967293,66
4294967293,65
4294967293,64
4294967293,63
4294967293,62
4294967293,61
4294967293,60
4294967293,59
4294967293,58
4294967293,57
4294967293,56
4294967293,55
4294967293,54
4294967293,53
4294967293,52
4294967293,51
4294967293,50
4294967293,49
4294967293,48
4294967293,47
4294967293,46
4294967293,45
4294967293,44
4294967293,43
4294967293,42
4294967293,41
4294967293,40
4294967293,39
4294967293,38
4294967293,37
4294967293,36
4294967293,35
4294967293,34
4294967293,33
4294967293,32
4294967293,31
4294967293,30
4294967293,29
4294967293,28
4294967293,27
4294967293,26
4294967293,25
4294967293,24
4294967293,23
4294967293,22
4294967293,21
4294967293,20
4294967293,19
4294967293,18
4294967293,17
4294967293,16
4294967293,15
4294967293,14
4294967293,13
4294967293,12
4294967293,11
4294967293,10
4294967293,9
4294967293,8
4294967293,7
4294967293,6
4294967293,5
4294967293,4
4294967293,3
4294967293,2
4243767290,0
4243767289,0
4243767288,0
4243767287,0
4243767286,0
4243767285,0
4243767284,0
4243767283,0
4243767282,0
4243767281,0
4294967293,0
4294967279,89
4294967279,90
4294967279,204
4294967279,205
4294967279,399
4294967279,398
4294967279,91
4294967279,92
4294967279,207
4294967279,206
4294967279,400
4294967279,401
4294967279,93
4294967279,94
4294967279,208
4294967279,402
4294967279,209
4294967279,95
4294967279,403
4294967279,210
4294967279,96
4294967279,404
4294967279,211
4294967279,405
4294967279,97
4294967279,212
4294967279,98
4294967279,213
4294967279,406
4294967279,99
4294967279,407
4294967279,100
4294967279,214
4294967279,277
4294967279,215
4294967279,218
4294967279,216
4294967279,101
4294967279,217
4294967279,102
4294967279,103
4294967279,220
4294967279,104
4294967279,222
4294967279,224
4294967279,219
4294967279,226
4294967279,221
4294967279,105
4294967279,223
4294967279,225
4294967279,106
4294967279,228
4294967279,107
4294967279,108
4294967279,230
4294967279,232
4294967279,227
4294967279,234
4294967279,229
4294967279,231
4294967279,109
4294967279,233
4294967279,110
4294967279,111
4294967279,236
4294967279,408
4294967279,112
4294967279,241
4294967279,235
4294967279,239
4294967279,237
4294967279,240
4294967279,113
4294967279,238
4294967279,114
4294967279,115
4294967279,116
4294967279,243
4294967279,245
4294967279,247
4294967279,249
4294967279,242
4294967279,244
4294967279,246
4294967279,248
